1097
3649 304
9013 2106
7315 1243
3359 4567
2849 4937
13826 360
977 867
7165 2005
16560 2565
870 4697
6516 4564
13747 1905
14720 4927
9116 153
5232 3562
11150 2376
5095 1863
11030 937
3040 3212
3170 3040
11271 2266
1424 3863
17572 611
12404 745
18090 700
11851 4829
6301 669
1502 1966
9483 753
7629 927
12456 2377
14858 3088
5330 3132
11642 1816
8749 684
5608 4475
8022 1438
15148 3208
8846 4662
7197 2756
1833 1976
1052 2684
13146 2293
2169 1828
18586 744
6968 4189
12965 3858
4682 2269
4576 2120
18395 1203
8610 4888
14039 4880
13088 3065
7187 1233
16697 2121
2979 485
3593 1352
5243 3558
19544 132
12609 3226
19527 339
17339 1129
18129 1862
377 1038
17596 1192
11147 1013
9618 3661
5183 3816
107 2257
16404 3220
5855 4258
3487 2544
16636 2594
6518 1352
12253 1423
17675 2272
19 2755
16011 179
3666 3073
10077 2061
1899 2073
18592 261
2807 4081
2268 4463
4121 1151
15575 1452
8686 4422
13866 1835
17672 923
10215 3368
12237 3688
16960 1949
3966 2130
7363 624
11079 272
19278 667
7541 4920
7217 158
2327 582
7502 652
1030 2806
2322 4311
7799 2381
15907 977
17670 641
18712 1280
15489 2090
15499 3434
6240 872
3177 3631
11610 3569
13471 3925
1776 906
1987 3398
11119 995
8148 1669
6233 4493
14701 1248
13825 1603
9128 3889
8186 717
14521 4608
3209 514
17714 160
3057 2036
5450 3429
15914 2071
7005 3385
1922 1448
12419 117
12794 2272
14910 2436
13862 4652
15948 734
6223 2530
7134 579
18979 853
17767 349
10277 568
1644 4885
15624 4219
17404 744
1864 4260
2626 1622
2246 4974
2227 2026
13231 1082
18668 604
18971 708
1303 771
13738 4881
18522 1170
10367 2236
6694 2673
7822 2275
12970 1172
9831 3845
10361 694
306 3854
18449 304
2401 4504
6985 4244
8691 1185
11437 663
8005 3127
9339 1392
14359 4550
9913 4433
257 4643
9811 948
4401 2266
3783 976
18129 418
8925 2408
6902 2908
6672 2262
16562 2101
8229 516
3025 3569
9067 461
117 2832
4287 2245
5295 3719
18078 1545
14015 4694
317 1016
2466 1321
17878 173
12099 4871
18106 403
14084 1144
1371 2625
11949 426
11725 1820
8177 942
11590 4686
13317 1366
7758 1431
5802 3477
813 1569
10886 3472
8132 2285
5217 985
12536 417
15424 1922
6540 3870
11458 2600
7458 1926
776 1682
13057 2789
9130 668
9147 2976
16693 1737
17571 1456
905 1044
8560 1562
19025 371
1254 988
19549 322
11328 2669
14300 4289
3790 3255
18894 294
8347 463
14289 113
17037 2305
6457 3083
14133 673
10820 2671
4084 2560
16618 1366
13383 2772
13186 2522
18167 360
6287 3544
12424 1525
18649 716
13307 4588
14 2589
9402 1821
14087 4851
10560 3909
14477 3722
7003 4287
15506 1490
2779 2424
16891 2819
10984 865
7697 2642
7362 1731
4829 300
1515 2105
15570 696
14924 3495
18864 498
12583 4149
13096 2098
4836 145
3493 3582
7171 1540
16973 2002
1646 4666
8166 1094
14958 1192
15226 4451
18315 1319
10398 3725
16541 1847
17953 1013
5216 3988
14748 2223
8102 2371
17082 2084
7840 2349
14414 734
9363 2020
8904 2851
10477 4524
2641 1233
4943 1994
12552 1351
7011 626
13595 3439
10843 4545
15268 3506
2041 1794
13768 3290
19140 812
641 4816
12465 4007
194 2981
9785 3294
13731 4509
17896 1738
19768 156
15999 998
8944 3670
15914 218
12743 2853
13249 1452
15316 1145
17503 210
12912 4948
18494 1457
889 787
14045 1211
15129 1588
1648 2231
12423 2781
6936 3824
10711 2864
12424 2379
13814 2166
2684 3952
636 4518
1707 2966
7348 662
1320 354
8103 1733
668 1348
7817 1134
15518 1037
18481 546
15239 2199
12088 1474
3754 1441
10193 985
18963 126
10223 4816
12299 3349
6499 722
19402 453
7958 934
9883 1091
18545 184
11378 4464
14038 3135
2260 4244
11182 203
13765 4115
3459 3651
11869 3866
5014 3667
5772 4374
8851 4508
15844 2004
14273 4953
8795 2740
8045 809
9140 3792
7991 3906
18673 876
11024 335
16198 3585
10651 1589
15977 968
11627 2216
11153 2390
19535 459
9053 4653
333 4332
6261 801
7909 3429
16010 2374
7875 4000
16084 1935
566 862
9642 1915
13252 2093
10034 4864
12093 3976
18137 1187
11265 3585
18036 777
11529 3817
8878 2611
8238 1988
3954 1677
10340 1079
17560 858
6277 1872
15867 1232
19320 637
19556 244
3295 1690
9708 1963
11826 1569
9905 215
17503 618
8989 472
1787 4633
9573 1134
16086 520
402 4802
9318 3945
15687 3708
11165 1610
1684 2168
15655 1034
2142 3382
16114 403
18908 744
1757 1342
4889 4710
9957 797
8133 1070
18287 1665
13638 4983
7396 4380
12465 3790
14508 2535
19285 539
10007 4758
1974 912
6809 1828
8672 765
5147 2064
5696 4621
2460 1382
88 3446
14763 4964
15399 2485
1070 1996
9441 2416
14878 683
7649 2267
19327 302
13931 1040
17845 1020
4883 2276
4661 684
1955 1459
10080 4974
18652 691
14391 1118
15359 2591
13190 2330
16400 2311
16181 1893
2636 4999
1307 3639
10562 2151
848 848
7502 4812
19239 121
8832 4820
1319 1535
15418 4351
14491 2378
5948 4895
14284 4128
2990 3950
11402 3445
10922 2730
3428 1417
10808 3472
16236 1280
13123 4606
1203 3825
2886 2676
8271 2748
3799 3411
16863 104
17780 1992
13542 544
6147 4347
11855 4183
14485 522
6671 2287
17997 368
9439 3689
15884 597
946 2060
5190 2645
18050 128
18097 935
3055 1940
3718 3880
3850 1361
16331 3035
9564 4268
8960 3503
15811 4115
15474 2096
14968 4615
4740 3242
6246 4263
4474 671
9053 3499
11138 4259
8755 121
9269 2545
19233 693
16045 3644
4870 3758
17649 2083
11310 2823
18086 1662
17808 1645
14921 2736
6182 2056
18737 884
7654 3465
1431 2706
15499 3223
12652 1346
16231 251
4137 4214
19340 439
3289 3706
3268 4408
14973 225
4724 3458
5059 712
15385 2271
11094 3356
2632 2791
17486 1656
10377 4097
17729 247
2243 2023
9417 1963
2962 3655
3226 923
14539 1462
9813 337
1508 2757
1839 2503
11747 3170
14113 1292
8002 4451
13503 4736
5901 1492
5737 746
12536 2072
16308 2488
4690 2002
15111 2180
15060 2191
308 3911
9426 4577
5177 705
14475 2930
19254 406
13904 2148
14970 2574
6528 3251
15834 536
7773 3224
18741 835
18836 705
9675 279
12970 2348
266 4736
1608 4169
9379 1985
11545 1894
6231 2153
4482 895
1292 2630
14445 373
18992 473
4307 838
9671 2776
13616 1538
6580 1182
17676 1598
17395 2155
8931 1447
8421 4047
9672 2874
3774 3936
2468 1253
7393 3355
18263 849
2960 3332
457 2266
17583 606
14903 3119
8591 4888
12486 3143
3551 2015
15450 305
18397 771
7254 617
15214 2575
13380 1055
4581 471
1220 2593
16143 575
3185 2023
17615 655
12736 3816
12158 4525
13734 4911
5064 3498
3245 4108
13374 2391
1073 3135
7120 3732
14572 2034
11885 913
12037 4560
11754 596
13047 2360
6220 1100
14901 850
6951 4991
700 514
10929 2095
4127 4725
6725 662
18161 524
19215 321
7635 2791
4836 4982
93 2371
4742 1164
17702 1126
5718 1000
845 1179
487 3034
7797 4923
10610 229
5710 2273
1718 1138
13795 4409
3725 620
15606 3772
11864 4304
19454 155
14812 4227
7260 455
17087 1335
15010 355
1994 4023
13161 3592
3538 4116
14535 702
2648 2738
4861 638
4136 2352
19182 661
10656 3220
19576 371
9664 3816
16566 2579
14097 912
3750 4616
7046 3623
14797 1971
13560 2876
14861 3366
13632 878
10242 3596
10241 2188
12266 1350
15541 649
2990 799
3055 3637
3165 3152
4264 4657
1966 4904
18403 1250
10802 1101
13462 2996
13859 521
9426 2659
11523 948
18938 619
6972 1367
15801 1937
3547 2968
18228 852
3765 2382
18813 563
14062 4695
18244 153
8764 337
5912 2338
10125 2883
11503 150
5945 1273
18558 920
2281 1262
1005 851
17383 981
12328 3539
14866 2892
5158 3131
10212 2757
18599 1321
2784 530
5099 1389
1631 768
8917 3729
13895 4078
14485 3492
8952 1865
16789 566
11311 3621
3634 2420
19436 349
17267 1363
1489 1906
12952 548
252 1774
9877 1830
4497 2193
9485 2787
3932 163
16299 3159
14112 1539
4234 3214
17452 1042
16393 2388
11606 690
13012 446
14295 253
15066 737
10259 4816
14067 4797
13253 3521
9487 1043
13273 270
10643 1507
15077 3064
2888 3677
3469 2093
14277 4924
13122 4392
2578 3342
10168 2881
7261 2828
5510 725
16728 2693
3737 4446
16711 894
11449 2976
4840 2035
3369 1299
8388 1716
5686 1352
2470 1551
16192 2000
18473 1286
14710 4724
10591 2689
4947 3702
2238 3941
14491 2580
9001 4944
1841 2983
16625 403
10172 3882
14809 408
1865 3120
9407 728
2959 4966
16616 1674
15163 4640
1345 3784
18733 485
10536 3996
16429 717
2028 3790
3392 2913
2764 4233
5655 420
8119 3686
14399 4393
17130 2597
5202 3081
12218 2417
12695 3448
11088 4997
1716 2841
2160 2800
3097 4670
12667 2427
8258 1331
10924 767
19096 779
4635 2965
10166 3310
4226 4974
2777 2636
18315 871
10764 1146
17249 482
13875 4265
11857 249
11882 2630
5907 1854
11198 4083
6292 1955
4508 1369
2529 2523
3315 4258
17688 2256
1237 2858
4295 4992
12345 1363
5317 1581
5425 3685
1432 3465
11938 2045
14556 2434
14711 2016
17499 1079
10141 3942
6358 3113
18692 1002
15129 2408
12514 4219
17284 1814
5311 1735
4536 2148
1710 4036
12164 4642
3362 4326
4086 2435
2749 1413
8939 3780
16822 703
14336 851
7276 3795
11456 318
13596 536
12992 4212
12254 2031
12654 768
12286 1939
924 2710
3247 2846
4786 1227
1256 2450
15482 1236
15372 3774
173 749
623 2196
7067 1324
17984 1589
17295 1833
3644 2460
7787 2567
3993 491
7814 3539
14979 614
3633 4194
19554 374
539 4321
18844 595
4705 2486
14066 112
11562 2070
18700 953
6138 801
17154 1577
2218 4409
17829 183
12795 3951
1427 3269
12233 2177
533 3025
2214 2924
7902 949
19068 852
10896 1192
1453 2986
17892 793
5738 3906
15681 1593
4419 616
14998 402
9616 1751
1436 1734
1374 2685
10161 4322
13050 4548
15513 2175
1200 1665
9376 3024
1567 2819
8953 1119
12060 3679
13108 3702
12670 2877
6122 4164
16303 1604
17016 1192
2708 3577
2587 3627
19742 146
17875 701
10526 940
2624 2786
9688 2610
14612 3590
5461 3736
11520 3762
1388 2988
14253 2349
1880 714
13311 3076
16813 3171
5243 355
4679 3689
1141 1134
2204 2033
12004 3066
12546 4746
1062 1356
14744 3138
12191 3736
2520 4801
4512 4437
12025 3360
10302 2383
8180 1029
850 1624
16353 2220
12681 4701
3859 2244
8530 3755
7032 2439
16096 919
4019 1211
2427 3803
5658 3746
2877 2718
11385 631
18023 1210
9515 2557
5162 1526
11846 4267
7348 1094
6586 1237
7758 4147
862 3056
18155 1272
12089 3928
18077 365
2826 638
10135 3361
15685 3465
13417 4809
2417 1126
10389 707
14745 3916
16953 1511
4206 4616
19261 286
4229 3644
16478 326
4069 4344
5015 2591
5396 1426
10573 1947
11339 4350
9308 746
8212 1708
18050 662
4102 2580
17482 482
16469 2725
5526 4948
19027 257
5610 2865
18469 184
930 765
1490 4824
8673 1826
18748 953
993 4179
17878 693
9900 4056
8025 3426
9747 3815
2392 590
5180 3701
13620 4066
15219 1771
11148 1276
10243 2715
11318 3366
4285 3135
16875 2400
3480 2714
7922 3921
4015 2291
14733 2130
4617 893
1659 2477
12588 3525
8136 1408
10730 4832
10248 1655
5222 4181
16867 2012
16344 1363
16298 194
2951 3321
16563 1972
7889 1862
19116 461
1595 514
9220 4154
19580 340
9364 4496
268 980
14121 1197
8667 3096
13214 3097
1483 3381
1677 4771
18410 498
11880 4632
9457 702
12660 4230
14758 4604
9166 1073
4217 892
12908 3157
11112 4669
11981 1281
6523 4270
13153 4196
1320 471
1276 1222
10914 3980
17018 1971
4881 4323
4581 2786
10438 1431
12877 2551
19456 272
16624 2187
17444 2106
18446 713
15562 236
12071 2813
3592 3512
19127 415
874 4989
15552 2275
18956 691
7457 520
19121 591
5588 4394
12459 1310
7937 358
18762 325
6252 255
14452 2669
13723 1340
13532 1770
13448 4210
15454 610
4525 4349
6795 4694
10652 4018
17219 1643
10282 1518
15063 4467
11218 4575
11610 2265
15866 887
8078 2385
18288 711
7369 2538
9471 1798
16024 1398
15723 2957
18367 1577
8961 2457
3994 4797
17800 1655
12929 2927
4800 2479
1379 2456
2590 2937
14496 2200
15699 1852
6622 4512
8885 4704
8901 1224
3580 4907
7841 2086
1664 4450
7395 2007
1721 920
13544 2805
15480 923
4505 142
18034 423
13334 3996
